4294967294,0
4294967278,132
4294967278,131
4294967278,130
4294967278,129
4294967278,128
4294967278,127
4294967278,126
4294967278,125
4294967278,124
4294967278,123
4294967278,122
4294967278,121
4294967278,120
4294967278,119
4294967278,118
4294967278,117
4294967278,116
4294967278,115
4294967278,114
4294967278,113
4294967278,112
4294967278,111
4294967278,110
4294967278,109
4294967278,108
4294967278,107
4294967278,106
4294967278,105
4294967278,104
4294967278,103
4294967278,102
4294967278,101
4294967278,100
4294967278,99
4294967278,98
4294967278,97
4294967278,96
4294967278,95
4294967278,94
4294967278,93
4294967278,92
4294967278,91
4294967278,90
4294967278,89
4294967278,87
4294967278,86
4294967278,85
4294967278,84
4294967278,83
4294967278,82
4294967278,81
4294967278,80
4294967278,79
4294967278,78
4294967278,77
4294967278,76
4294967278,75
4294967278,74
4294967278,73
4294967278,72
4294967278,71
4294967278,70
4294967278,69
4294967278,68
4294967278,67
4294967278,66
4294967278,65
4294967278,64
4294967278,63
4294967278,62
4294967278,61
4294967278,60
4294967278,59
4294967278,58
4294967278,57
4294967278,56
4294967278,55
4294967278,54
4294967278,53
4294967278,52
4294967278,51
4294967278,50
4294967278,49
4294967278,48
4294967278,47
4294967278,46
4294967278,45
4294967278,44
4294967278,43
4294967278,42
4294967278,41
4294967278,40
4294967278,39
4294967278,38
4294967278,37
4294967279,26
4294967279,23
4294967279,21
4294967279,20
4294967279,18
4294967279,14
4294967279,11
4294967279,10
4294967279,8
4294967279,7
4294967279,6
4294967279,5
4294967279,4
4243767290,0
4294967294,68
2,944
2,942
2,940
2,939
2,937
2,936
2,934
2,932
2,931
2,929
2,928
2,926
2,924
2,923
2,921
2,920
2,918
2,917
2,915
2,913
2,912
2,910
2,909
2,907
2,905
2,904
2,902
2,901
2,899
2,898
2,1005
2,1004
2,1003
2,1002
2,1001
2,1000
2,999
2,998
2,997
2,996
2,995
2,994
2,993
2,992
2,991
2,990
2,989
2,988
2,987
2,986
2,985
2,984
2,983
2,982
2,981
2,980
2,979
2,978
2,977
2,976
2,975
2,974
2,973
2,972
2,971
2,970
2,969
2,968
2,967
2,966
2,965
2,964
2,963
2,962
2,961
2,960
2,959
2,958
2,957
2,956
2,955
2,954
2,953
2,952
2,951
2,950
2,949
2,948
2,947
2,946
2,945
2,943
2,941
2,938
2,935
2,933
2,930
2,927
2,925
2,922
2,919
2,916
2,914
2,911
2,908
2,906
2,903
2,900
2,897
2,895
2,892
2,889
2,887
2,884
2,881
2,878
2,876
2,873
2,870
2,868
2,865
2,862
2,859
2,857
2,854
2,851
2,849
2,846
2,843
2,841
2,838
2,835
2,832
2,830
2,827
2,824
2,822
2,819
2,816
2,813
2,811
2,808
2,805
2,803
2,800
2,797
2,794
2,792
2,789
2,786
2,784
2,781
2,778
2,776
2,773
2,770
2,767
2,765
2,762
2,759
2,757
2,754
2,751
2,748
2,746
2,743
2,740
2,738
2,735
2,732
2,729
2,727
2,724
2,721
2,719
2,716
2,713
2,710
2,708
2,705
2,702
2,700
2,697
2,694
2,692
2,689
2,686
2,683
2,681
2,678
2,675
2,673
2,670
2,667
2,664
2,662
2,659
2,656
2,654
2,651
2,648
2,645
2,643
2,640
2,125
2,123
2,120
2,117
2,115
2,112
2,109
2,106
2,104
2,101
2,98
2,96
2,93
2,90
2,87
2,85
2,82
2,79
2,77
2,74
2,71
2,68
2,66
2,191
2,188
2,186
2,183
2,180
2,177
2,175
2,172
2,169
2,167
2,164
2,161
2,159
2,156
2,153
2,150
2,148
2,145
2,142
2,140
2,137
2,134
2,131
2,129
2,254
2,251
2,249
2,246
2,243
2,240
2,238
2,235
2,232
2,230
2,227
2,224
2,222
2,219
2,216
2,213
2,211
2,208
2,205
2,203
2,200
2,197
2,194
2,192
2,317
2,314
2,312
2,309
2,306
2,303
2,301
2,298
2,295
2,293
2,290
2,287
2,285
2,282
2,279
2,276
2,274
2,271
2,268
2,266
2,263
2,260
2,257
2,383
2,380
2,377
2,375
2,372
2,369
2,366
2,364
2,361
2,358
2,356
2,353
2,350
2,347
2,345
2,342
2,339
2,337
2,334
2,331
2,329
2,326
2,323
2,320
2,446
2,443
2,440
2,438
2,435
2,432
2,429
2,427
2,424
2,421
2,419
2,416
2,413
2,410
2,408
2,405
2,402
2,400
2,397
2,394
2,392
2,389
2,386
2,511
2,509
2,506
2,503
2,501
2,498
2,495
2,492
2,490
2,487
2,484
2,482
2,479
2,476
2,473
2,471
2,468
2,465
2,463
2,460
2,457
2,454
2,452
2,449
2,638
2,636
2,633
2,630
2,628
2,625
2,622
2,619
2,617
2,614
2,611
2,609
2,606
2,603
2,600
2,598
2,595
2,592
2,590
2,587
2,584
2,581
2,579
2,576
2,573
2,571
2,568
2,565
2,563
2,560
2,557
2,554
2,552
2,549
2,546
2,544
2,541
2,538
2,535
2,533
2,530
2,527
2,525
2,522
2,519
2,516
2,514
2,36
2,33
2,31
2,28
2,25
2,22
2,20
2,17
2,14
2,12
2,9
2,6
2,5
0,5
4294967294,6
4294967294,93
4294967294,95
4294967294,17
4294967294,67
4294967294,99
4294967294,76
4294967294,41
4294967294,51
4294967294,52
4294967294,1356
4294967294,26
4294967294,1099
4294967294,1355
4294967294,471
4294967278,292
4294967293,131
4294967293,130
4294967293,129
4294967293,128
4294967293,127
4294967293,126
4294967293,125
4294967293,124
4294967293,123
4294967293,122
4294967293,121
4294967293,120
4294967293,119
4294967293,118
4294967293,117
4294967293,116
4294967293,115
4294967293,114
4294967293,113
4294967293,112
4294967293,111
4294967293,110
4294967293,109
4294967293,108
4294967293,107
4294967293,106
4294967293,105
4294967293,104
4294967293,103
4294967293,102
4294967293,101
4294967293,100
4294967293,99
4294967293,98
4294967293,97
4294967293,96
4294967293,95
4294967293,94
4294967293,93
4294967293,92
4294967293,91
4294967293,90
4294967293,89
4294967293,88
4294967293,87
4294967293,86
4294967293,85
4294967293,84
4294967293,83
4294967293,82
4294967293,81
4294967293,80
4294967293,79
4294967293,78
4294967293,77
4294967293,76
4294967293,75
4294967293,74
4294967293,73
4294967293,72
4294967293,71
4294967293,70
4294967293,69
4294967293,68
4294967293,67
4294967293,66
4294967293,65
4294967293,64
4294967293,63
4294967293,62
4294967293,61
4294967293,60
4294967293,59
4294967293,58
4294967293,57
4294967293,56
4294967293,55
4294967293,54
4294967293,53
4294967293,52
4294967293,51
4294967293,50
4294967293,49
4294967293,48
4294967293,47
4294967293,46
4294967293,45
4294967293,44
4294967293,43
4294967293,42
4294967293,41
4294967293,40
4294967293,39
4294967293,38
4294967293,37
4294967293,36
4294967293,35
4294967293,34
4294967293,33
4294967293,32
4294967293,31
4294967293,30
4294967293,29
4294967293,28
4294967293,27
4294967293,26
4294967293,25
4294967293,24
4294967293,23
4294967293,22
4294967293,21
4294967293,20
4294967293,19
4294967293,18
4294967293,17
4294967293,16
4294967293,15
4294967293,14
4294967293,13
4294967293,12
4294967293,11
4294967293,10
4294967293,9
4294967293,8
4294967293,7
4294967293,6
4294967293,5
4294967293,4
4294967293,3
4294967293,2
4243767289,0
4243767288,0
4243767287,0
4243767286,0
4243767285,0
4243767284,0
4243767283,0
4243767282,0
4243767281,0
4294967293,0
4294967279,29
4294967279,142
4294967279,143
4294967279,30
4294967279,145
4294967279,144
4294967279,31
4294967279,146
4294967279,32
4294967279,147
4294967279,33
4294967279,34
4294967279,148
4294967279,35
4294967279,150
4294967279,149
4294967279,151
4294967279,36
4294967279,37
4294967279,38
4294967279,39
4294967279,152
4294967279,153
4294967279,155
4294967279,154
4294967279,40
4294967279,41
4294967279,42
4294967279,43
4294967279,158
4294967279,156
4294967279,157
4294967279,44
4294967279,159
4294967279,160
4294967279,45
4294967279,161
4294967279,46
4294967279,47
4294967279,162
4294967279,163
4294967279,48
4294967279,164
4294967279,49
4294967279,50
4294967279,165
4294967279,51
4294967279,166
4294967279,52
4294967279,167
4294967279,168
4294967279,53
4294967279,169
4294967279,54
4294967279,55
4294967279,170
4294967279,56
4294967279,171
4294967279,172
4294967279,173
4294967279,57
4294967279,58
4294967279,59
4294967279,60
4294967279,175
4294967279,176
4294967279,177
